38
7906819 1452496326
10791432 1424146303
22655247 1945273616
73618418 1998151569
82753812 1945273616
89720366 2112348909
110410796 1945273616
149659777 2072964383
152085623 1945273616
256998782 2028373777
389584243 2093555033
512482976 2143428602
513532981 2093555033
872971765 2104977871
877192265 2093555033
892804204 2133645165
896165934 2093555033
1342774540 2114963916
1343246126 2093555033
1509628848 2114280086
1512497994 2093555033
1540071730 2141597251
3070780704 2093555033
3294606294 2146191528
3299197168 2135646363
3479624936 2093555033
3633262505 2101125369
3639838141 2093555033
3928309114 2096648164
3930954510 2093555033
4196360016 1824000129
4219350735 1893678590
4225631169 1824000129
4237056973 1951734119
4244114078 1999295705
4250963399 2076837256
4261267199 1824000129
4294819945 2063963106
